image: map.pgm
resolution: 0.020000
#origin: [-13.800000, -19.560000, 0.000000]
origin: [-14.100000, -15.00000, 0.000000]
negate: 0
occupied_thresh: 0.65
free_thresh: 0.196

