image: map_world2.pgm
resolution: 0.020000
#origin: [-13.160000, -20.200000, 0.000000]
origin: [-9.160000, -16.200000, 0.000000]
negate: 0
occupied_thresh: 0.65
free_thresh: 0.196

